accuracy: 0.65814696485623
f1_score: 0.036036036036036036
hybrid_precision: 0.16
hybrid_recall: 0.02030456852791878
roc_auc: 0.48567675978843494
